0 13088.50
100000 13086.32
200000 13079.79
300000 13068.90
400000 13053.66
500000 13034.06
600000 13010.11
700000 12981.81
800000 12949.14
900000 12912.13
1000000 12870.76
1100000 12825.03
1200000 12774.95
1217100 12765.95
1221500 12763.61
1221500 12166.33
1300000 12124.99
1400000 12069.23
1500000 12009.88
1600000 11946.81
1700000 11879.89
1800000 11809.00
1900000 11734.01
2000000 11654.78
2100000 11571.19
2200000 11483.11
2221500 11463.58
2300000 11390.42
2400000 11292.98
2500000 11190.67
2600000 11083.36
2700000 10970.92
2800000 10853.22
2900000 10730.13
3000000 10601.53
3100000 10467.29
3200000 10327.27
3300000 10181.36
3400000 10029.42
3480000 9903.44
3480000 5566.46
3485700 5563.60
3535700 5538.56
3585700 5513.58
3630000 5491.48
3630000 5491.48
3635700 5488.63
3685700 5463.72
3735700 5438.83
3785700 5413.95
3835700 5389.08
3885700 5364.20
3935700 5339.31
3985700 5314.40
4035700 5289.45
4085700 5264.47
4135700 5239.44
4185700 5214.34
4235700 5189.19
4285700 5163.95
4335700 5138.63
4385700 5113.22
4435700 5087.70
4485700 5062.08
4535700 5036.33
4585700 5010.45
4635700 4984.43
4685700 4958.27
4735700 4931.95
4785700 4905.47
4835700 4878.81
4885700 4851.96
4935700 4824.93
4985700 4797.70
5035700 4770.25
5085700 4742.59
5135700 4714.69
5185700 4686.56
5235700 4658.19
5285700 4629.56
5335700 4600.67
5385700 4571.50
5435700 4542.06
5485700 4512.32
5535700 4482.28
5585700 4451.94
5600000 4443.20
5600000 4443.20
5635700 4421.28
5685700 4390.29
5701000 4380.74
5701000 3992.12
5711000 3989.79
5721000 3987.46
5731000 3985.14
5741000 3982.81
5751000 3980.48
5761000 3978.15
5771000 3975.82
5771000 3975.82
5781000 3963.22
5791000 3950.61
5801000 3938.01
5811000 3925.41
5821000 3912.80
5831000 3900.20
5841000 3887.59
5851000 3874.99
5861000 3862.39
5871000 3849.78
5881000 3837.18
5891000 3824.58
5901000 3811.97
5911000 3799.37
5921000 3786.77
5931000 3774.16
5941000 3761.56
5951000 3748.95
5961000 3736.35
5971000 3723.75
5971000 3543.26
5981000 3537.29
5991000 3531.32
6001000 3525.35
6011000 3519.38
6021000 3513.41
6031000 3507.43
6041000 3501.46
6051000 3495.49
6061000 3489.52
6071000 3483.55
6081000 3477.58
6091000 3471.60
6101000 3465.63
6111000 3459.66
6121000 3453.69
6131000 3447.72
6141000 3441.75
6151000 3435.77
6151000 3359.49
6161000 3360.58
6171000 3361.66
6181000 3362.75
6191000 3363.84
6201000 3364.92
6211000 3366.01
6221000 3367.10
6231000 3368.18
6241000 3369.27
6251000 3370.36
6261000 3371.45
6271000 3372.53
6281000 3373.62
6291000 3374.71
6291000 3374.71
6301000 3375.79
6311000 3376.88
6321000 3377.97
6326000 3378.51
6331000 3379.05
6336000 3379.60
6337000 3379.70
6338000 3379.81
6339000 3379.92
6340000 3380.03
6341000 3380.14
6342000 3380.25
6343000 3380.36
6344000 3380.47
6345000 3380.57
6346000 3380.68
6346600 3380.75
6346600 2900.00
6348000 2900.00
6349000 2900.00
6350000 2900.00
6351000 2900.00
6352000 2900.00
6353000 2900.00
6354000 2900.00
6355000 2900.00
6356000 2900.00
6356000 2600.00
6357000 2600.00
6358000 2600.00
6359000 2600.00
6360000 2600.00
6361000 2600.00
6362000 2600.00
6363000 2600.00
6364000 2600.00
6365000 2600.00
6366000 2600.00
6367000 2600.00
6368000 2600.00
6368000 1020.00
6369000 1020.00
6370000 1020.00
6371000 1020.00
